5.388259887695312500e-04
7.909523695707321167e-02
2.446621805429458618e-01
1.102617606520652771e-01
1.818770170211791992e-01
7.824897766113281250e-04
7.560719549655914307e-02
9.634555876255035400e-02
2.296102233231067657e-02
2.737317681312561035e-01
8.629824221134185791e-02
1.647771894931793213e-01
2.451975941658020020e-01
2.386873960494995117e-02
3.807383477687835693e-01
2.399206161499023438e-02
1.512774974107742310e-01
3.219388723373413086e-01
1.246365904808044434e-02
2.167351692914962769e-01
2.468658089637756348e-01
1.775956153869628906e-02
2.070980817079544067e-01
4.699304699897766113e-02
2.097847312688827515e-01
7.258377969264984131e-02
1.081749498844146729e-01
1.350317299365997314e-01
2.243739068508148193e-01
1.431575566530227661e-01
1.552255153656005859e-01
3.678749874234199524e-02
6.352863460779190063e-02
1.889682412147521973e-01
2.379665970802307129e-01
1.938489228487014771e-01
1.999352574348449707e-01
4.613666981458663940e-02
1.653524339199066162e-01
8.189918100833892822e-02
3.577348589897155762e-02
4.788982868194580078e-02
1.369036585092544556e-01
3.068713843822479248e-02
6.204575300216674805e-03
2.453828603029251099e-01
1.043203100562095642e-02
7.139629125595092773e-02
3.338769078254699707e-03
3.124063089489936829e-02
1.123373135924339294e-01
1.027566418051719666e-01
4.564097151160240173e-03
1.569452583789825439e-01
2.301841042935848236e-02
8.288025856018066406e-04
5.416660755872726440e-02
1.456081122159957886e-01
7.777281105518341064e-02
2.736800909042358398e-02
9.637373685836791992e-02
1.405926048755645752e-01
7.562731951475143433e-02
8.076764643192291260e-02
2.249766886234283447e-02
1.214900165796279907e-01
2.410971820354461670e-01
1.812481880187988281e-02
1.656437516212463379e-01
1.233842670917510986e-01
1.559883356094360352e-03
8.642802387475967407e-02
9.812929481267929077e-02
5.634455382823944092e-02
1.409154832363128662e-01
1.240974515676498413e-01
2.989456355571746826e-01
2.080768346786499023e-03
9.808902442455291748e-02
1.103544533252716064e-01
1.219196170568466187e-01
1.511089503765106201e-02
2.521271407604217529e-01
2.277759760618209839e-01
1.414227783679962158e-01
6.190541386604309082e-02
1.735217422246932983e-01
1.481378376483917236e-01
1.492170095443725586e-01
2.452347055077552795e-02
1.573443114757537842e-01
1.287664771080017090e-01
3.354152664542198181e-02
2.863078564405441284e-02
1.849961131811141968e-01
8.600726723670959473e-02
1.222009509801864624e-01
4.197654128074645996e-02
5.454789847135543823e-02
1.036191433668136597e-01
2.885128557682037354e-02
2.700186371803283691e-01
2.370896190404891968e-02
8.866171538829803467e-02
3.589292615652084351e-02
1.047125011682510376e-01
7.289869338274002075e-02
2.587299048900604248e-02
7.716238498687744141e-03
8.064563572406768799e-02
1.093843877315521240e-01
1.248103380203247070e-02
5.897316336631774902e-02
4.671253263950347900e-03
3.445908427238464355e-02
2.538116276264190674e-02
4.925689101219177246e-02
4.705447703599929810e-02
2.012410163879394531e-01
1.079627573490142822e-01
1.331077516078948975e-01
5.254219472408294678e-02
1.302957832813262939e-01
1.318164020776748657e-01
8.874645829200744629e-02
9.030193090438842773e-03
1.879984587430953979e-01
1.533598601818084717e-01
3.892955183982849121e-02
8.476133644580841064e-02
9.609926491975784302e-02
5.792476236820220947e-02
5.866900086402893066e-03
2.296334058046340942e-01
1.076914817094802856e-01
1.375420689582824707e-01
