1.874375173775437720e-01
5.922758027712797801e-01
3.962594792085183393e-01
7.507619121652338023e-01
7.093162953336638044e-01
1.551544186306779149e-01
5.570132338887792134e-01
9.379557827894688948e-01
1.709899408681774258e-01
9.134180441297856667e-02
4.556615929176026647e-01
3.576352445687283055e-01
9.008697405514554113e-02
2.160677412218880988e-01
3.167122577259950944e-02
2.231230202370808602e-01
4.979934540927428710e-01
2.579904368602603526e-02
2.222976701663159638e-01
1.560194376376133896e-01
5.377923503024906182e-04
2.239522447157877849e-01
2.726236340847103534e-01
5.586509485950716947e-01
4.555787147187611019e-01
5.732394649267897879e-01
8.170163906017853250e-01
7.681854603538975645e-01
1.104216003789764144e-01
6.506949463960132185e-01
8.553997593910873665e-01
1.982210709212139932e-01
5.449175697298440646e-01
3.732406077804280020e-01
2.051706936190136332e-01
3.315199522899434648e-01
3.634198287472689692e-01
3.679979389661898193e-01
4.822295340289057819e-01
5.815954387448725171e-01
3.845237179883072010e-01
6.899220590087864480e-01
5.868247045108554438e-01
2.309841970602599659e-01
1.747526871370612689e-01
2.242875873150516064e-01
1.899496120385748554e-01
6.496745648172093102e-01
2.962522551693587136e-01
3.519473646627142571e-01
8.382471232753485602e-01
7.495659877645031166e-01
2.646311257378308746e-01
7.105444353033534277e-01
3.108459456201022597e-01
2.467808524334627052e-01
3.806567818591146679e-01
7.757200229138294656e-01
3.763973477702675652e-01
2.163120584756321740e-01
8.977303543325183544e-01
5.053058435854154151e-01
6.530410532011046154e-01
7.022841312318588436e-01
3.014104775013060067e-01
9.798213703810134678e-01
1.515101815055885925e-01
2.519830700708420856e-01
7.099136305710218586e-01
7.803288298397221823e-01
2.733604119463164395e-01
8.180402652612972503e-01
8.660222948334970194e-01
5.001257279871409445e-01
5.477935730060836672e-01
8.187837941812898812e-01
2.727914699152123035e-04
1.597900608667028877e-01
7.501428499196378663e-01
7.646127335770018796e-01
8.441083018840873642e-01
2.409658678734070136e-01
3.096151643452085267e-01
1.144043439348940705e-01
8.729889896755598233e-01
6.293000095415930417e-01
4.139039379118973905e-01
7.601996468943896801e-01
7.402245765229524821e-01
3.616487846004718953e-01
5.823218683461917067e-01
9.223439132344246616e-01
3.232167184308307739e-01
3.451506134758925981e-01
8.242085069448612522e-01
6.228883502710422793e-01
7.476389235846987447e-01
4.739840718528709473e-01
3.722509647884773010e-01
6.988926530848573737e-01
4.251564047052833750e-01
1.252001973237875099e-01
2.605604570754316285e-01
6.162749823590976117e-01
2.522999231230089734e-01
9.473869466234234871e-01
8.811203813355505954e-01
2.033308365813311092e-01
1.438720149018943850e-01
5.781023975607535448e-01
5.225061692708141692e-01
1.694277378231074938e-01
4.029722650395286543e-01
2.998312930481787930e-01
3.464411256496013891e-01
1.336117496991890974e-01
4.136064435298325570e-01
4.304956672548860830e-01
3.021857952250412982e-01
8.908265004078761429e-01
7.559894654038066264e-01
6.649077220644366015e-01
9.070467301930236204e-01
9.634028092817970013e-01
8.424014017353183004e-01
2.783999267102559294e-01
3.224411273403404721e-01
6.142540854313816023e-01
3.913493830037237942e-01
7.738260363301383560e-01
6.532401544874859578e-01
3.434597987722525225e-01
2.837672238812780634e-01
2.988512549932962337e-01
6.086346892674847631e-01
8.065904866207123103e-01
